    2500001   3000000    1921
5000001     5500000    1936
  5500001   6000000    1935
  6000001   6500000    1936
   4500001   5000000    1937
  6500001   7000000    1938
  7000001   7500000    1941
  7500001   8000000    1945
  8000001   8500000    1947
  8500001   9000000    1948
  9000001   9500000    1949
  9500001   10000000   1950
  10000001   10500000  1951
  10500001   11000000  1951
  11000001   11500000  1953
  11500001   12000000  1954
  12000001   12500000  1956
  12500001   13000000  1956
  13000001   13500000  1957
  13500001   14000000  1958
  14000001   14500000  1959
  14500001   15000000  1959
  15000001   15500000  1960
  15500001   16000000  1961
  16000001   16500000  1961
  16500001   17000000  1962
  17000001   17500000  1963
  17500001   18000000  1964
  18000001   18500000  1965
  18500001   19000000  1965
  19000001   19500000  1966
  19500001   20000000  1966
  20000001   20500000  1967
 20500001   21000000   1968
  21000001   21500000  1969
  21500001   22000000  1969
  22000001   22500000  1970
  22500001   23000000  1971
  23000001   23500000  1972
  23500001   24000000  1973
  24000001   24500000  1973
  24500001   25000000  1974
  25000001   25500000  1975
  25500001   26000000  1976
  26000001   26500000  1977
  26500001   27000000  1977
  27000001   27500000  1978
  27500001   28000000  1979
  28000001   28500000  1979
  28500001   29000000  1980
  29000001   29500000  1981
  29500001   30000000  1982
  30000001   30500000  1982
  30500001   31000000  1983
  31000001   31500000  1984
  31500001   32000000  1984
  32000001   32500000  1985
  32500001   33000000  1986
  33000001   33500000  1987
  33500001   34000000  1987
  34000001   34500000  1988
  34500001   35000000  1989
  35500001   36000000  1990
  36000001   36500000  1991
  36500001   37000000  1991
  37000001   37500000  1992
  37500001   38000000  1993
  38000001   38500000  1993
  38500001   39000000  1994
  39000001   39500000  1995
  39500001   40000000  1995
  40000001   40500000  1996
  40500001   41000000  1997
  41000001   41500000  1997
  41500001   42000000  1998
  42000001   42500000  1998
  42500001   43000000  1996
  43000001   43500000  1996
  43500001   44000000  1997
  44000001   44500000  1999
  44500001   45000000  2000
  45000001   45500000  2001
  45500001   46000000  2002
  46000001   46500000  2004
  46500001   47000000  2005
  
